(kicad_pcb (version 20171130) (host pcbnew "(5.0.0)")

  (general
    (thickness 1.6)
    (drawings 1)
    (tracks 0)
    (zones 0)
    (modules 103)
    (nets 112)
  )

  (page A4)
  (title_block
    (title "BLDC Driver 4.6")
    (date "30 Aug 2014")
    (rev A)
    (company "Benjamin Vedder")
  )

  (layers
    (0 F.Cu signal)
    (1 GND signal)
    (2 GND2 signal)
    (31 B.Cu signal)
    (32 B.Adhes user)
    (33 F.Adhes user)
    (34 B.Paste user)
    (35 F.Paste user)
    (36 B.SilkS user)
    (37 F.SilkS user)
    (38 B.Mask user)
    (39 F.Mask user)
    (40 Dwgs.User user)
    (41 Cmts.User user)
    (42 Eco1.User user)
    (43 Eco2.User user)
    (44 Edge.Cuts user)
  )

  (setup
    (last_trace_width 0.2032)
    (user_trace_width 0.254)
    (user_trace_width 0.3048)
    (user_trace_width 0.4064)
    (user_trace_width 0.508)
    (user_trace_width 0.635)
    (user_trace_width 0.889)
    (user_trace_width 1.016)
    (user_trace_width 1.27)
    (user_trace_width 2.286)
    (user_trace_width 3.81)
    (user_trace_width 5.08)
    (trace_clearance 0.1778)
    (zone_clearance 0.508)
    (zone_45_only yes)
    (trace_min 0.2032)
    (segment_width 0.2)
    (edge_width 0.15)
    (via_size 0.8)
    (via_drill 0.5)
    (via_min_size 0.8)
    (via_min_drill 0.5)
    (user_via 0.8 0.5)
    (user_via 1.524 0.762)
    (uvia_size 0.508)
    (uvia_drill 0.127)
    (uvias_allowed no)
    (uvia_min_size 0.508)
    (uvia_min_drill 0.127)
    (pcb_text_width 0.3)
    (pcb_text_size 1 1)
    (mod_edge_width 0.15)
    (mod_text_size 1 1)
    (mod_text_width 0.15)
    (pad_size 4.064 4.064)
    (pad_drill 3.048)
    (pad_to_mask_clearance 0)
    (aux_axis_origin 0 0)
    (visible_elements 7FFFFFFF)
    (pcbplotparams
      (layerselection 0x010fc_80000007)
      (usegerberextensions true)
      (usegerberattributes false)
      (usegerberadvancedattributes false)
      (creategerberjobfile false)
      (excludeedgelayer true)
      (linewidth 0.150000)
      (plotframeref false)
      (viasonmask false)
      (mode 1)
      (useauxorigin false)
      (hpglpennumber 1)
      (hpglpenspeed 20)
      (hpglpendiameter 15.000000)
      (psnegative false)
      (psa4output false)
      (plotreference true)
      (plotvalue false)
      (plotinvisibletext false)
      (padsonsilk false)
      (subtractmaskfromsilk true)
      (outputformat 1)
      (mirror false)
      (drillshape 0)
      (scaleselection 1)
      (outputdirectory "Gerber/"))
  )

  (net 0 "")
  (net 1 +5V)
  (net 2 GND)
  (net 3 NRST)
  (net 4 "Net-(C15-Pad1)")
  (net 5 "Net-(C16-Pad1)")
  (net 6 "Net-(C17-Pad1)")
  (net 7 "Net-(C18-Pad1)")
  (net 8 "Net-(C19-Pad2)")
  (net 9 "Net-(C20-Pad2)")
  (net 10 "Net-(C21-Pad2)")
  (net 11 "Net-(C22-Pad1)")
  (net 12 "Net-(C22-Pad2)")
  (net 13 "Net-(C23-Pad2)")
  (net 14 "Net-(C27-Pad1)")
  (net 15 "Net-(C27-Pad2)")
  (net 16 "Net-(C28-Pad2)")
  (net 17 "Net-(C29-Pad2)")
  (net 18 "Net-(C30-Pad2)")
  (net 19 "Net-(C34-Pad1)")
  (net 20 "Net-(C34-Pad2)")
  (net 21 "Net-(C36-Pad1)")
  (net 22 "Net-(C36-Pad2)")
  (net 23 "Net-(C38-Pad1)")
  (net 24 "Net-(K1-Pad1)")
  (net 25 "Net-(Q1-PadG)")
  (net 26 "Net-(Q2-PadG)")
  (net 27 "Net-(Q3-PadG)")
  (net 28 "Net-(Q4-PadG)")
  (net 29 "Net-(Q5-PadG)")
  (net 30 "Net-(Q6-PadG)")
  (net 31 "Net-(R17-Pad2)")
  (net 32 "Net-(R20-Pad1)")
  (net 33 "Net-(R21-Pad2)")
  (net 34 "Net-(R25-Pad2)")
  (net 35 "Net-(R6-Pad1)")
  (net 36 SWCLK)
  (net 37 SWDIO)
  (net 38 VCC)
  (net 39 V_SUPPLY)
  (net 40 /MCU/AN_IN)
  (net 41 /MCU/SERVO)
  (net 42 "/Mosfet driver/H1_VS")
  (net 43 "/Mosfet driver/H2_VS")
  (net 44 "/Mosfet driver/H3_VS")
  (net 45 "/Mosfet driver/H1_LOW")
  (net 46 "/Mosfet driver/H3_LOW")
  (net 47 /MCU/SENS1)
  (net 48 /MCU/SENS2)
  (net 49 "/Mosfet driver/M_H1")
  (net 50 "/Mosfet driver/M_L1")
  (net 51 /MCU/SENS3)
  (net 52 "/Mosfet driver/M_H2")
  (net 53 "/Mosfet driver/M_L2")
  (net 54 "/Mosfet driver/M_H3")
  (net 55 "/Mosfet driver/M_L3")
  (net 56 "/Mosfet driver/SH1_A")
  (net 57 "/Mosfet driver/SH1_B")
  (net 58 "/Mosfet driver/SH2_A")
  (net 59 "/Mosfet driver/SH2_B")
  (net 60 /MCU/BR_SO2)
  (net 61 /MCU/BR_SO1)
  (net 62 /MCU/DC_CAL)
  (net 63 /MCU/L3)
  (net 64 /MCU/L2)
  (net 65 /MCU/L1)
  (net 66 /MCU/EN_GATE)
  (net 67 /MCU/FAULT)
  (net 68 /MCU/H3)
  (net 69 /MCU/H2)
  (net 70 /MCU/H1)
  (net 71 /MCU/USB_DM)
  (net 72 /MCU/USB_DP)
  (net 73 "/CAN bus transceiver/CANL")
  (net 74 "/CAN bus transceiver/CANH")
  (net 75 /MCU/LED_GREEN)
  (net 76 /MCU/LED_RED)
  (net 77 "Net-(R103-Pad2)")
  (net 78 "Net-(R104-Pad2)")
  (net 79 "Net-(R402-Pad1)")
  (net 80 "/CAN bus transceiver/CAN_RX")
  (net 81 "/CAN bus transceiver/CAN_TX")
  (net 82 /MCU/ADC_TEMP)
  (net 83 /MCU/SCK_ADC_EXT)
  (net 84 /MCU/RX_SCL_MOSI)
  (net 85 /MCU/MISO_ADC_EXT2)
  (net 86 "Net-(P2-Pad6)")
  (net 87 /MCU/TX_SDA_NSS)
  (net 88 "Net-(U1-Pad4)")
  (net 89 "Net-(U1-Pad2)")
  (net 90 "Net-(U1-Pad3)")
  (net 91 "Net-(U1-Pad39)")
  (net 92 "Net-(U1-Pad40)")
  (net 93 "Net-(U1-Pad50)")
  (net 94 "Net-(U1-Pad54)")
  (net 95 "Net-(U1-Pad55)")
  (net 96 "Net-(U1-Pad56)")
  (net 97 "Net-(U1-Pad9)")
  (net 98 "Net-(U1-Pad11)")
  (net 99 "Net-(U1-Pad28)")
  (net 100 "Net-(U3-Pad4)")
  (net 101 "Net-(U3-Pad5)")
  (net 102 "Net-(U3-Pad55)")
  (net 103 "Net-(U3-Pad56)")
  (net 104 "Net-(U401-Pad5)")
  (net 105 "Net-(X1-Pad4)")
  (net 106 "Net-(J1-Pad4)")
  (net 107 "Net-(J1-Pad5)")
  (net 108 /MCU/TEMP_MOTOR)
  (net 109 /MCU/HALL_3)
  (net 110 /MCU/HALL_1)
  (net 111 /MCU/HALL_2)

  (net_class Default "This is the default net class."
    (clearance 0.1778)
    (trace_width 0.2032)
    (via_dia 0.8)
    (via_drill 0.5)
    (uvia_dia 0.508)
    (uvia_drill 0.127)
    (add_net +5V)
    (add_net "/CAN bus transceiver/CANH")
    (add_net "/CAN bus transceiver/CANL")
    (add_net "/CAN bus transceiver/CAN_RX")
    (add_net "/CAN bus transceiver/CAN_TX")
    (add_net /MCU/ADC_TEMP)
    (add_net /MCU/AN_IN)
    (add_net /MCU/BR_SO1)
    (add_net /MCU/BR_SO2)
    (add_net /MCU/DC_CAL)
    (add_net /MCU/EN_GATE)
    (add_net /MCU/FAULT)
    (add_net /MCU/H1)
    (add_net /MCU/H2)
    (add_net /MCU/H3)
    (add_net /MCU/HALL_1)
    (add_net /MCU/HALL_2)
    (add_net /MCU/HALL_3)
    (add_net /MCU/L1)
    (add_net /MCU/L2)
    (add_net /MCU/L3)
    (add_net /MCU/LED_GREEN)
    (add_net /MCU/LED_RED)
    (add_net /MCU/MISO_ADC_EXT2)
    (add_net /MCU/RX_SCL_MOSI)
    (add_net /MCU/SCK_ADC_EXT)
    (add_net /MCU/SENS1)
    (add_net /MCU/SENS2)
    (add_net /MCU/SENS3)
    (add_net /MCU/SERVO)
    (add_net /MCU/TEMP_MOTOR)
    (add_net /MCU/TX_SDA_NSS)
    (add_net /MCU/USB_DM)
    (add_net /MCU/USB_DP)
    (add_net "/Mosfet driver/H1_LOW")
    (add_net "/Mosfet driver/H1_VS")
    (add_net "/Mosfet driver/H2_VS")
    (add_net "/Mosfet driver/H3_LOW")
    (add_net "/Mosfet driver/H3_VS")
    (add_net "/Mosfet driver/M_H1")
    (add_net "/Mosfet driver/M_H2")
    (add_net "/Mosfet driver/M_H3")
    (add_net "/Mosfet driver/M_L1")
    (add_net "/Mosfet driver/M_L2")
    (add_net "/Mosfet driver/M_L3")
    (add_net "/Mosfet driver/SH1_A")
    (add_net "/Mosfet driver/SH1_B")
    (add_net "/Mosfet driver/SH2_A")
    (add_net "/Mosfet driver/SH2_B")
    (add_net GND)
    (add_net NRST)
    (add_net "Net-(C15-Pad1)")
    (add_net "Net-(C16-Pad1)")
    (add_net "Net-(C17-Pad1)")
    (add_net "Net-(C18-Pad1)")
    (add_net "Net-(C19-Pad2)")
    (add_net "Net-(C20-Pad2)")
    (add_net "Net-(C21-Pad2)")
    (add_net "Net-(C22-Pad1)")
    (add_net "Net-(C22-Pad2)")
    (add_net "Net-(C23-Pad2)")
    (add_net "Net-(C27-Pad1)")
    (add_net "Net-(C27-Pad2)")
    (add_net "Net-(C28-Pad2)")
    (add_net "Net-(C29-Pad2)")
    (add_net "Net-(C30-Pad2)")
    (add_net "Net-(C34-Pad1)")
    (add_net "Net-(C34-Pad2)")
    (add_net "Net-(C36-Pad1)")
    (add_net "Net-(C36-Pad2)")
    (add_net "Net-(C38-Pad1)")
    (add_net "Net-(J1-Pad4)")
    (add_net "Net-(J1-Pad5)")
    (add_net "Net-(K1-Pad1)")
    (add_net "Net-(P2-Pad6)")
    (add_net "Net-(Q1-PadG)")
    (add_net "Net-(Q2-PadG)")
    (add_net "Net-(Q3-PadG)")
    (add_net "Net-(Q4-PadG)")
    (add_net "Net-(Q5-PadG)")
    (add_net "Net-(Q6-PadG)")
    (add_net "Net-(R103-Pad2)")
    (add_net "Net-(R104-Pad2)")
    (add_net "Net-(R17-Pad2)")
    (add_net "Net-(R20-Pad1)")
    (add_net "Net-(R21-Pad2)")
    (add_net "Net-(R25-Pad2)")
    (add_net "Net-(R402-Pad1)")
    (add_net "Net-(R6-Pad1)")
    (add_net "Net-(U1-Pad11)")
    (add_net "Net-(U1-Pad2)")
    (add_net "Net-(U1-Pad28)")
    (add_net "Net-(U1-Pad3)")
    (add_net "Net-(U1-Pad39)")
    (add_net "Net-(U1-Pad4)")
    (add_net "Net-(U1-Pad40)")
    (add_net "Net-(U1-Pad50)")
    (add_net "Net-(U1-Pad54)")
    (add_net "Net-(U1-Pad55)")
    (add_net "Net-(U1-Pad56)")
    (add_net "Net-(U1-Pad9)")
    (add_net "Net-(U3-Pad4)")
    (add_net "Net-(U3-Pad5)")
    (add_net "Net-(U3-Pad55)")
    (add_net "Net-(U3-Pad56)")
    (add_net "Net-(U401-Pad5)")
    (add_net "Net-(X1-Pad4)")
    (add_net SWCLK)
    (add_net SWDIO)
    (add_net VCC)
    (add_net V_SUPPLY)
  )

  (module oshw_silkscreen-back_3mm (layer B.Cu) (tedit 0) (tstamp 5234EBBC)
    (at 255.651 110.49)
    (fp_text reference G*** (at 0 -1.59004) (layer B.SilkS) hide
      (effects (font (size 0.13462 0.13462) (thickness 0.0254)) (justify mirror))
    )
    (fp_text value oshw_silkscreen-back_3mm (at 0 1.59004) (layer B.SilkS) hide
      (effects (font (size 0.13462 0.13462) (thickness 0.0254)) (justify mirror))
    )
    (fp_poly (pts (xy 0.90932 1.3462) (xy 0.89154 1.33858) (xy 0.85852 1.31572) (xy 0.80772 1.2827)
      (xy 0.7493 1.2446) (xy 0.68834 1.20396) (xy 0.64008 1.17094) (xy 0.60452 1.14808)
      (xy 0.59182 1.14046) (xy 0.5842 1.143) (xy 0.55626 1.15824) (xy 0.51562 1.17856)
      (xy 0.49022 1.19126) (xy 0.45212 1.2065) (xy 0.43434 1.21158) (xy 0.4318 1.2065)
      (xy 0.41656 1.17602) (xy 0.39624 1.12776) (xy 0.3683 1.06172) (xy 0.33528 0.98552)
      (xy 0.29972 0.90424) (xy 0.2667 0.82042) (xy 0.23368 0.74168) (xy 0.2032 0.66802)
      (xy 0.18034 0.6096) (xy 0.1651 0.56896) (xy 0.15748 0.55118) (xy 0.16002 0.54864)
      (xy 0.1778 0.53086) (xy 0.21082 0.50546) (xy 0.28194 0.44704) (xy 0.35306 0.36068)
      (xy 0.39624 0.26162) (xy 0.40894 0.14986) (xy 0.39878 0.04826) (xy 0.35814 -0.04826)
      (xy 0.28956 -0.13716) (xy 0.20574 -0.2032) (xy 0.10922 -0.24384) (xy 0 -0.25654)
      (xy -0.10414 -0.24638) (xy -0.2032 -0.20574) (xy -0.2921 -0.1397) (xy -0.3302 -0.09652)
      (xy -0.381 -0.00508) (xy -0.41148 0.0889) (xy -0.41402 0.11176) (xy -0.40894 0.21844)
      (xy -0.37846 0.32004) (xy -0.32258 0.40894) (xy -0.24638 0.4826) (xy -0.23622 0.49022)
      (xy -0.20066 0.51816) (xy -0.17526 0.53594) (xy -0.15748 0.55118) (xy -0.2921 0.87376)
      (xy -0.31242 0.92456) (xy -0.35052 1.01346) (xy -0.381 1.08966) (xy -0.40894 1.15062)
      (xy -0.42672 1.19126) (xy -0.43434 1.2065) (xy -0.44704 1.20904) (xy -0.4699 1.20142)
      (xy -0.51562 1.17856) (xy -0.5461 1.16332) (xy -0.57912 1.14808) (xy -0.59436 1.14046)
      (xy -0.6096 1.14808) (xy -0.64262 1.1684) (xy -0.68834 1.20142) (xy -0.74676 1.23952)
      (xy -0.80264 1.27762) (xy -0.85344 1.31064) (xy -0.889 1.33604) (xy -0.90678 1.34366)
      (xy -0.90932 1.34366) (xy -0.9271 1.33604) (xy -0.95504 1.31064) (xy -0.99822 1.27)
      (xy -1.06172 1.20904) (xy -1.07188 1.19888) (xy -1.12268 1.14808) (xy -1.16332 1.10236)
      (xy -1.19126 1.07188) (xy -1.20142 1.05918) (xy -1.19126 1.0414) (xy -1.1684 1.0033)
      (xy -1.13538 0.9525) (xy -1.09474 0.89154) (xy -0.98806 0.7366) (xy -1.04648 0.59182)
      (xy -1.06426 0.5461) (xy -1.08712 0.49022) (xy -1.1049 0.45212) (xy -1.11252 0.43434)
      (xy -1.1303 0.42926) (xy -1.1684 0.4191) (xy -1.22682 0.40894) (xy -1.29794 0.39624)
      (xy -1.36398 0.38354) (xy -1.4224 0.37084) (xy -1.46558 0.36322) (xy -1.4859 0.36068)
      (xy -1.49098 0.3556) (xy -1.49352 0.34798) (xy -1.49606 0.32766) (xy -1.4986 0.28956)
      (xy -1.4986 0.23368) (xy -1.4986 0.14986) (xy -1.4986 0.14224) (xy -1.4986 0.0635)
      (xy -1.49606 0) (xy -1.49352 -0.0381) (xy -1.49098 -0.05588) (xy -1.4732 -0.06096)
      (xy -1.43002 -0.06858) (xy -1.3716 -0.08128) (xy -1.30048 -0.09398) (xy -1.2954 -0.09398)
      (xy -1.22428 -0.10922) (xy -1.16586 -0.12192) (xy -1.12268 -0.12954) (xy -1.1049 -0.13716)
      (xy -1.10236 -0.14224) (xy -1.08712 -0.17018) (xy -1.0668 -0.21336) (xy -1.04394 -0.2667)
      (xy -1.02108 -0.32258) (xy -1.00076 -0.37338) (xy -0.98806 -0.40894) (xy -0.98298 -0.42672)
      (xy -0.99314 -0.4445) (xy -1.01854 -0.48006) (xy -1.0541 -0.53086) (xy -1.09474 -0.59182)
      (xy -1.09728 -0.5969) (xy -1.13792 -0.65786) (xy -1.17094 -0.70866) (xy -1.1938 -0.74422)
      (xy -1.20142 -0.75946) (xy -1.20142 -0.762) (xy -1.18872 -0.77978) (xy -1.15824 -0.8128)
      (xy -1.11252 -0.85852) (xy -1.06172 -0.91186) (xy -1.04394 -0.9271) (xy -0.98552 -0.98552)
      (xy -0.94488 -1.02108) (xy -0.91948 -1.0414) (xy -0.90932 -1.04648) (xy -0.90678 -1.04648)
      (xy -0.889 -1.03632) (xy -0.8509 -1.01092) (xy -0.8001 -0.97536) (xy -0.73914 -0.93472)
      (xy -0.7366 -0.93218) (xy -0.67564 -0.89154) (xy -0.62484 -0.85598) (xy -0.58928 -0.83312)
      (xy -0.57404 -0.8255) (xy -0.5715 -0.8255) (xy -0.54864 -0.83058) (xy -0.50546 -0.84582)
      (xy -0.45212 -0.86614) (xy -0.39624 -0.889) (xy -0.34544 -0.90932) (xy -0.30988 -0.9271)
      (xy -0.2921 -0.93726) (xy -0.28956 -0.93726) (xy -0.28448 -0.96012) (xy -0.27432 -1.00584)
      (xy -0.26162 -1.0668) (xy -0.24638 -1.14046) (xy -0.24384 -1.15062) (xy -0.23114 -1.22428)
      (xy -0.22098 -1.2827) (xy -0.21082 -1.32334) (xy -0.20828 -1.34112) (xy -0.19812 -1.34112)
      (xy -0.16256 -1.34366) (xy -0.10922 -1.3462) (xy -0.04318 -1.3462) (xy 0.02286 -1.3462)
      (xy 0.0889 -1.3462) (xy 0.14478 -1.34366) (xy 0.18542 -1.34112) (xy 0.2032 -1.33604)
      (xy 0.20828 -1.31318) (xy 0.21844 -1.27) (xy 0.23114 -1.2065) (xy 0.24638 -1.13284)
      (xy 0.24892 -1.12014) (xy 0.26162 -1.04902) (xy 0.27432 -0.9906) (xy 0.28194 -0.94996)
      (xy 0.28702 -0.93472) (xy 0.2921 -0.93218) (xy 0.32258 -0.91694) (xy 0.37084 -0.89916)
      (xy 0.42926 -0.87376) (xy 0.56642 -0.81788) (xy 0.73406 -0.93472) (xy 0.7493 -0.94488)
      (xy 0.81026 -0.98552) (xy 0.86106 -1.01854) (xy 0.89662 -1.0414) (xy 0.90932 -1.04902)
      (xy 0.91186 -1.04902) (xy 0.9271 -1.03378) (xy 0.96012 -1.0033) (xy 1.00584 -0.95758)
      (xy 1.05918 -0.90678) (xy 1.09982 -0.86614) (xy 1.14554 -0.82042) (xy 1.17348 -0.7874)
      (xy 1.19126 -0.76708) (xy 1.19634 -0.75438) (xy 1.1938 -0.74676) (xy 1.18364 -0.72898)
      (xy 1.15824 -0.69342) (xy 1.12522 -0.64008) (xy 1.08458 -0.58166) (xy 1.04902 -0.53086)
      (xy 1.01346 -0.47498) (xy 0.9906 -0.43434) (xy 0.98044 -0.41656) (xy 0.98298 -0.4064)
      (xy 0.99568 -0.37338) (xy 1.016 -0.32512) (xy 1.0414 -0.26416) (xy 1.09982 -0.13208)
      (xy 1.18618 -0.1143) (xy 1.23952 -0.10414) (xy 1.31318 -0.09144) (xy 1.3843 -0.0762)
      (xy 1.49606 -0.05588) (xy 1.4986 0.34798) (xy 1.48082 0.3556) (xy 1.46558 0.36068)
      (xy 1.42494 0.37084) (xy 1.36652 0.381) (xy 1.29794 0.3937) (xy 1.23698 0.4064)
      (xy 1.17856 0.41656) (xy 1.13538 0.42418) (xy 1.1176 0.42926) (xy 1.11252 0.43434)
      (xy 1.09728 0.46482) (xy 1.07696 0.51054) (xy 1.0541 0.56388) (xy 1.0287 0.6223)
      (xy 1.00838 0.6731) (xy 0.99314 0.71374) (xy 0.98806 0.73406) (xy 0.99568 0.7493)
      (xy 1.01854 0.78486) (xy 1.05156 0.83566) (xy 1.0922 0.89408) (xy 1.13284 0.9525)
      (xy 1.16586 1.0033) (xy 1.19126 1.03886) (xy 1.19888 1.05664) (xy 1.1938 1.0668)
      (xy 1.17094 1.09474) (xy 1.12776 1.14046) (xy 1.06172 1.2065) (xy 1.04902 1.21666)
      (xy 0.99822 1.26746) (xy 0.9525 1.3081) (xy 0.92202 1.33604) (xy 0.90932 1.3462)) (layer B.SilkS) (width 0.00254))
  )

  (module CRF1:SMD-1206 (layer F.Cu) (tedit 53E7B563) (tstamp 5BD023B7)
    (at 119.38 148.59)
    (path /504F83BE/523435A0)
    (attr smd)
    (fp_text reference C1 (at -3.466 0.173) (layer F.SilkS)
      (effects (font (size 0.762 0.762) (thickness 0.127)))
    )
    (fp_text value 10u,50V (at 0 0) (layer F.SilkS) hide
      (effects (font (size 0.762 0.762) (thickness 0.127)))
    )
    (fp_line (start -0.889 -1.143) (end -2.54 -1.143) (layer F.SilkS) (width 0.127))
    (fp_line (start 2.54 1.143) (end 0.889 1.143) (layer F.SilkS) (width 0.127))
    (fp_line (start 2.54 -1.143) (end 2.54 1.143) (layer F.SilkS) (width 0.127))
    (fp_line (start 0.889 -1.143) (end 2.54 -1.143) (layer F.SilkS) (width 0.127))
    (fp_line (start -2.54 1.143) (end -0.889 1.143) (layer F.SilkS) (width 0.127))
    (fp_line (start -2.54 -1.143) (end -2.54 1.143) (layer F.SilkS) (width 0.127))
    (pad 2 smd rect (at 1.651 0) (size 1.524 2.032) (layers F.Cu F.Paste F.Mask)
      (net 39 V_SUPPLY))
    (pad 1 smd rect (at -1.651 0) (size 1.524 2.032) (layers F.Cu F.Paste F.Mask)
      (net 2 GND))
    (model smd/chip_cms.wrl
      (at (xyz 0 0 0))
      (scale (xyz 0.1700000017881393 0.1599999964237213 0.1599999964237213))
      (rotate (xyz 0 0 0))
    )
  )

  (module CRF1:SMD-0603_c (layer F.Cu) (tedit 53ECAF6F) (tstamp 5BD023C3)
    (at 154.432 111.76 180)
    (path /522DA0B3)
    (attr smd)
    (fp_text reference C2 (at 0 -1.143 180) (layer F.SilkS)
      (effects (font (size 0.508 0.4572) (thickness 0.1143)))
    )
    (fp_text value 100n (at -1.651 0 90) (layer F.SilkS) hide
      (effects (font (size 0.508 0.4572) (thickness 0.1143)))
    )
    (fp_line (start -1.19888 0.635) (end -1.19888 -0.635) (layer F.SilkS) (width 0.11938))
    (fp_line (start 1.19888 -0.635) (end 1.19888 0.635) (layer F.SilkS) (width 0.11938))
    (fp_line (start -1.19888 -0.65024) (end -0.50038 -0.65024) (layer F.SilkS) (width 0.11938))
    (fp_line (start 0.50038 -0.65024) (end 1.19888 -0.65024) (layer F.SilkS) (width 0.11938))
    (fp_line (start -0.50038 0.65024) (end -1.19888 0.65024) (layer F.SilkS) (width 0.11938))
    (fp_line (start 0.50038 0.65024) (end 1.19888 0.65024) (layer F.SilkS) (width 0.11938))
    (pad 2 smd rect (at 0.762 0 180) (size 0.635 1.143) (layers F.Cu F.Paste F.Mask)
      (net 40 /MCU/AN_IN))
    (pad 1 smd rect (at -0.762 0 180) (size 0.635 1.143) (layers F.Cu F.Paste F.Mask)
      (net 2 GND))
    (model walter/smd_cap/c_0603.wrl
      (at (xyz 0 0 0))
      (scale (xyz 1 1 1))
      (rotate (xyz 0 0 0))
    )
  )

  (module CRF1:SMD-0603_c (layer F.Cu) (tedit 53ECAF6F) (tstamp 5BD023CF)
    (at 171.958 125.73 180)
    (path /522DA0A7)
    (attr smd)
    (fp_text reference C3 (at 0 -1.143 180) (layer F.SilkS)
      (effects (font (size 0.508 0.4572) (thickness 0.1143)))
    )
    (fp_text value 100n (at -1.651 0 90) (layer F.SilkS) hide
      (effects (font (size 0.508 0.4572) (thickness 0.1143)))
    )
    (fp_line (start 0.50038 0.65024) (end 1.19888 0.65024) (layer F.SilkS) (width 0.11938))
    (fp_line (start -0.50038 0.65024) (end -1.19888 0.65024) (layer F.SilkS) (width 0.11938))
    (fp_line (start 0.50038 -0.65024) (end 1.19888 -0.65024) (layer F.SilkS) (width 0.11938))
    (fp_line (start -1.19888 -0.65024) (end -0.50038 -0.65024) (layer F.SilkS) (width 0.11938))
    (fp_line (start 1.19888 -0.635) (end 1.19888 0.635) (layer F.SilkS) (width 0.11938))
    (fp_line (start -1.19888 0.635) (end -1.19888 -0.635) (layer F.SilkS) (width 0.11938))
    (pad 1 smd rect (at -0.762 0 180) (size 0.635 1.143) (layers F.Cu F.Paste F.Mask)
      (net 2 GND))
    (pad 2 smd rect (at 0.762 0 180) (size 0.635 1.143) (layers F.Cu F.Paste F.Mask)
      (net 41 /MCU/SERVO))
    (model walter/smd_cap/c_0603.wrl
      (at (xyz 0 0 0))
      (scale (xyz 1 1 1))
      (rotate (xyz 0 0 0))
    )
  )

  (module CRF1:SMD-1206 (layer F.Cu) (tedit 53E7B563) (tstamp 5BD023DB)
    (at 182.88 60.071 270)
    (path /504F83BE/53E7AFAD)
    (attr smd)
    (fp_text reference C8 (at -3.466 0.173 270) (layer F.SilkS)
      (effects (font (size 0.762 0.762) (thickness 0.127)))
    )
    (fp_text value 10u,50V (at 0 0 270) (layer F.SilkS) hide
      (effects (font (size 0.762 0.762) (thickness 0.127)))
    )
    (fp_line (start -2.54 -1.143) (end -2.54 1.143) (layer F.SilkS) (width 0.127))
    (fp_line (start -2.54 1.143) (end -0.889 1.143) (layer F.SilkS) (width 0.127))
    (fp_line (start 0.889 -1.143) (end 2.54 -1.143) (layer F.SilkS) (width 0.127))
    (fp_line (start 2.54 -1.143) (end 2.54 1.143) (layer F.SilkS) (width 0.127))
    (fp_line (start 2.54 1.143) (end 0.889 1.143) (layer F.SilkS) (width 0.127))
    (fp_line (start -0.889 -1.143) (end -2.54 -1.143) (layer F.SilkS) (width 0.127))
    (pad 1 smd rect (at -1.651 0 270) (size 1.524 2.032) (layers F.Cu F.Paste F.Mask)
      (net 2 GND))
    (pad 2 smd rect (at 1.651 0 270) (size 1.524 2.032) (layers F.Cu F.Paste F.Mask)
      (net 39 V_SUPPLY))
    (model smd/chip_cms.wrl
      (at (xyz 0 0 0))
      (scale (xyz 0.1700000017881393 0.1599999964237213 0.1599999964237213))
      (rotate (xyz 0 0 0))
    )
  )

  (module CRF1:SMD-1206 (layer F.Cu) (tedit 53E7B563) (tstamp 5BD023E7)
    (at 129.159 48.26 180)
    (path /504F83BE/53E7AFA2)
    (attr smd)
    (fp_text reference C9 (at -3.466 0.173 180) (layer F.SilkS)
      (effects (font (size 0.762 0.762) (thickness 0.127)))
    )
    (fp_text value 10u,50V (at 0 0 180) (layer F.SilkS) hide
      (effects (font (size 0.762 0.762) (thickness 0.127)))
    )
    (fp_line (start -0.889 -1.143) (end -2.54 -1.143) (layer F.SilkS) (width 0.127))
    (fp_line (start 2.54 1.143) (end 0.889 1.143) (layer F.SilkS) (width 0.127))
    (fp_line (start 2.54 -1.143) (end 2.54 1.143) (layer F.SilkS) (width 0.127))
    (fp_line (start 0.889 -1.143) (end 2.54 -1.143) (layer F.SilkS) (width 0.127))
    (fp_line (start -2.54 1.143) (end -0.889 1.143) (layer F.SilkS) (width 0.127))
    (fp_line (start -2.54 -1.143) (end -2.54 1.143) (layer F.SilkS) (width 0.127))
    (pad 2 smd rect (at 1.651 0 180) (size 1.524 2.032) (layers F.Cu F.Paste F.Mask)
      (net 39 V_SUPPLY))
    (pad 1 smd rect (at -1.651 0 180) (size 1.524 2.032) (layers F.Cu F.Paste F.Mask)
      (net 2 GND))
    (model smd/chip_cms.wrl
      (at (xyz 0 0 0))
      (scale (xyz 0.1700000017881393 0.1599999964237213 0.1599999964237213))
      (rotate (xyz 0 0 0))
    )
  )

  (module CRF1:SMD-0603_c (layer F.Cu) (tedit 53ECAF6F) (tstamp 5BD023F3)
    (at 165.862 106.68 180)
    (path /53F7501A/53F77426)
    (attr smd)
    (fp_text reference C10 (at 0 -1.143 180) (layer F.SilkS)
      (effects (font (size 0.508 0.4572) (thickness 0.1143)))
    )
    (fp_text value 2.2u (at -1.651 0 90) (layer F.SilkS) hide
      (effects (font (size 0.508 0.4572) (thickness 0.1143)))
    )
    (fp_line (start -1.19888 0.635) (end -1.19888 -0.635) (layer F.SilkS) (width 0.11938))
    (fp_line (start 1.19888 -0.635) (end 1.19888 0.635) (layer F.SilkS) (width 0.11938))
    (fp_line (start -1.19888 -0.65024) (end -0.50038 -0.65024) (layer F.SilkS) (width 0.11938))
    (fp_line (start 0.50038 -0.65024) (end 1.19888 -0.65024) (layer F.SilkS) (width 0.11938))
    (fp_line (start -0.50038 0.65024) (end -1.19888 0.65024) (layer F.SilkS) (width 0.11938))
    (fp_line (start 0.50038 0.65024) (end 1.19888 0.65024) (layer F.SilkS) (width 0.11938))
    (pad 2 smd rect (at 0.762 0 180) (size 0.635 1.143) (layers F.Cu F.Paste F.Mask)
      (net 38 VCC))
    (pad 1 smd rect (at -0.762 0 180) (size 0.635 1.143) (layers F.Cu F.Paste F.Mask)
      (net 2 GND))
    (model walter/smd_cap/c_0603.wrl
      (at (xyz 0 0 0))
      (scale (xyz 1 1 1))
      (rotate (xyz 0 0 0))
    )
  )

  (module CRF1:SMD-0603_c (layer F.Cu) (tedit 53ECAF6F) (tstamp 5BC70283)
    (at 165.862 104.14 180)
    (path /53F7501A/53F7742D)
    (attr smd)
    (fp_text reference C11 (at 0 -1.143 180) (layer F.SilkS)
      (effects (font (size 0.508 0.4572) (thickness 0.1143)))
    )
    (fp_text value 2.2u (at -1.651 0 90) (layer F.SilkS) hide
      (effects (font (size 0.508 0.4572) (thickness 0.1143)))
    )
    (fp_line (start 0.50038 0.65024) (end 1.19888 0.65024) (layer F.SilkS) (width 0.11938))
    (fp_line (start -0.50038 0.65024) (end -1.19888 0.65024) (layer F.SilkS) (width 0.11938))
    (fp_line (start 0.50038 -0.65024) (end 1.19888 -0.65024) (layer F.SilkS) (width 0.11938))
    (fp_line (start -1.19888 -0.65024) (end -0.50038 -0.65024) (layer F.SilkS) (width 0.11938))
    (fp_line (start 1.19888 -0.635) (end 1.19888 0.635) (layer F.SilkS) (width 0.11938))
    (fp_line (start -1.19888 0.635) (end -1.19888 -0.635) (layer F.SilkS) (width 0.11938))
    (pad 1 smd rect (at -0.762 0 180) (size 0.635 1.143) (layers F.Cu F.Paste F.Mask)
      (net 2 GND))
    (pad 2 smd rect (at 0.762 0 180) (size 0.635 1.143) (layers F.Cu F.Paste F.Mask)
      (net 38 VCC))
    (model walter/smd_cap/c_0603.wrl
      (at (xyz 0 0 0))
      (scale (xyz 1 1 1))
      (rotate (xyz 0 0 0))
    )
  )

  (module CRF1:SMD-0603_c (layer F.Cu) (tedit 53ECAF6F) (tstamp 5BD0240B)
    (at 165.862 101.6 180)
    (path /53F7501A/53F77447)
    (attr smd)
    (fp_text reference C12 (at 0 -1.143 270) (layer F.SilkS)
      (effects (font (size 0.508 0.4572) (thickness 0.1143)))
    )
    (fp_text value 2.2u (at -1.651 0 90) (layer F.SilkS) hide
      (effects (font (size 0.508 0.4572) (thickness 0.1143)))
    )
    (fp_line (start -1.19888 0.635) (end -1.19888 -0.635) (layer F.SilkS) (width 0.11938))
    (fp_line (start 1.19888 -0.635) (end 1.19888 0.635) (layer F.SilkS) (width 0.11938))
    (fp_line (start -1.19888 -0.65024) (end -0.50038 -0.65024) (layer F.SilkS) (width 0.11938))
    (fp_line (start 0.50038 -0.65024) (end 1.19888 -0.65024) (layer F.SilkS) (width 0.11938))
    (fp_line (start -0.50038 0.65024) (end -1.19888 0.65024) (layer F.SilkS) (width 0.11938))
    (fp_line (start 0.50038 0.65024) (end 1.19888 0.65024) (layer F.SilkS) (width 0.11938))
    (pad 2 smd rect (at 0.762 0 180) (size 0.635 1.143) (layers F.Cu F.Paste F.Mask)
      (net 38 VCC))
    (pad 1 smd rect (at -0.762 0 180) (size 0.635 1.143) (layers F.Cu F.Paste F.Mask)
      (net 2 GND))
    (model walter/smd_cap/c_0603.wrl
      (at (xyz 0 0 0))
      (scale (xyz 1 1 1))
      (rotate (xyz 0 0 0))
    )
  )

  (module CRF1:SMD-0603_c (layer F.Cu) (tedit 53ECAF6F) (tstamp 5BD02417)
    (at 165.862 99.06 180)
    (path /53F7501A/53F7744E)
    (attr smd)
    (fp_text reference C13 (at 0 -1.143 180) (layer F.SilkS)
      (effects (font (size 0.508 0.4572) (thickness 0.1143)))
    )
    (fp_text value 2.2u (at -1.651 0 90) (layer F.SilkS) hide
      (effects (font (size 0.508 0.4572) (thickness 0.1143)))
    )
    (fp_line (start 0.50038 0.65024) (end 1.19888 0.65024) (layer F.SilkS) (width 0.11938))
    (fp_line (start -0.50038 0.65024) (end -1.19888 0.65024) (layer F.SilkS) (width 0.11938))
    (fp_line (start 0.50038 -0.65024) (end 1.19888 -0.65024) (layer F.SilkS) (width 0.11938))
    (fp_line (start -1.19888 -0.65024) (end -0.50038 -0.65024) (layer F.SilkS) (width 0.11938))
    (fp_line (start 1.19888 -0.635) (end 1.19888 0.635) (layer F.SilkS) (width 0.11938))
    (fp_line (start -1.19888 0.635) (end -1.19888 -0.635) (layer F.SilkS) (width 0.11938))
    (pad 1 smd rect (at -0.762 0 180) (size 0.635 1.143) (layers F.Cu F.Paste F.Mask)
      (net 2 GND))
    (pad 2 smd rect (at 0.762 0 180) (size 0.635 1.143) (layers F.Cu F.Paste F.Mask)
      (net 38 VCC))
    (model walter/smd_cap/c_0603.wrl
      (at (xyz 0 0 0))
      (scale (xyz 1 1 1))
      (rotate (xyz 0 0 0))
    )
  )

  (module CRF1:SMD-0603_c (layer F.Cu) (tedit 53ECAF6F) (tstamp 5BD02423)
    (at 165.862 96.52 180)
    (path /53F7501A/53F77434)
    (attr smd)
    (fp_text reference C14 (at 0 -1.143 180) (layer F.SilkS)
      (effects (font (size 0.508 0.4572) (thickness 0.1143)))
    )
    (fp_text value 2.2u (at -1.651 0 90) (layer F.SilkS) hide
      (effects (font (size 0.508 0.4572) (thickness 0.1143)))
    )
    (fp_line (start 0.50038 0.65024) (end 1.19888 0.65024) (layer F.SilkS) (width 0.11938))
    (fp_line (start -0.50038 0.65024) (end -1.19888 0.65024) (layer F.SilkS) (width 0.11938))
    (fp_line (start 0.50038 -0.65024) (end 1.19888 -0.65024) (layer F.SilkS) (width 0.11938))
    (fp_line (start -1.19888 -0.65024) (end -0.50038 -0.65024) (layer F.SilkS) (width 0.11938))
    (fp_line (start 1.19888 -0.635) (end 1.19888 0.635) (layer F.SilkS) (width 0.11938))
    (fp_line (start -1.19888 0.635) (end -1.19888 -0.635) (layer F.SilkS) (width 0.11938))
    (pad 1 smd rect (at -0.762 0 180) (size 0.635 1.143) (layers F.Cu F.Paste F.Mask)
      (net 2 GND))
    (pad 2 smd rect (at 0.762 0 180) (size 0.635 1.143) (layers F.Cu F.Paste F.Mask)
      (net 38 VCC))
    (model walter/smd_cap/c_0603.wrl
      (at (xyz 0 0 0))
      (scale (xyz 1 1 1))
      (rotate (xyz 0 0 0))
    )
  )

  (module CRF1:SMD-0603_c (layer F.Cu) (tedit 53ECAF6F) (tstamp 5BD0242F)
    (at 154.432 109.22)
    (path /53F7501A/53F757DB)
    (attr smd)
    (fp_text reference C15 (at 0 -1.143) (layer F.SilkS)
      (effects (font (size 0.508 0.4572) (thickness 0.1143)))
    )
    (fp_text value 15p (at -1.651 0 270) (layer F.SilkS) hide
      (effects (font (size 0.508 0.4572) (thickness 0.1143)))
    )
    (fp_line (start -1.19888 0.635) (end -1.19888 -0.635) (layer F.SilkS) (width 0.11938))
    (fp_line (start 1.19888 -0.635) (end 1.19888 0.635) (layer F.SilkS) (width 0.11938))
    (fp_line (start -1.19888 -0.65024) (end -0.50038 -0.65024) (layer F.SilkS) (width 0.11938))
    (fp_line (start 0.50038 -0.65024) (end 1.19888 -0.65024) (layer F.SilkS) (width 0.11938))
    (fp_line (start -0.50038 0.65024) (end -1.19888 0.65024) (layer F.SilkS) (width 0.11938))
    (fp_line (start 0.50038 0.65024) (end 1.19888 0.65024) (layer F.SilkS) (width 0.11938))
    (pad 2 smd rect (at 0.762 0) (size 0.635 1.143) (layers F.Cu F.Paste F.Mask)
      (net 2 GND))
    (pad 1 smd rect (at -0.762 0) (size 0.635 1.143) (layers F.Cu F.Paste F.Mask)
      (net 4 "Net-(C15-Pad1)"))
    (model walter/smd_cap/c_0603.wrl
      (at (xyz 0 0 0))
      (scale (xyz 1 1 1))
      (rotate (xyz 0 0 0))
    )
  )

  (module CRF1:SMD-0603_c (layer F.Cu) (tedit 53ECAF6F) (tstamp 5BD0243B)
    (at 162.56 99.06 270)
    (path /53F7501A/53F757B5)
    (attr smd)
    (fp_text reference C16 (at 0 -1.143 270) (layer F.SilkS)
      (effects (font (size 0.508 0.4572) (thickness 0.1143)))
    )
    (fp_text value 2.2u (at -1.651 0 180) (layer F.SilkS) hide
      (effects (font (size 0.508 0.4572) (thickness 0.1143)))
    )
    (fp_line (start -1.19888 0.635) (end -1.19888 -0.635) (layer F.SilkS) (width 0.11938))
    (fp_line (start 1.19888 -0.635) (end 1.19888 0.635) (layer F.SilkS) (width 0.11938))
    (fp_line (start -1.19888 -0.65024) (end -0.50038 -0.65024) (layer F.SilkS) (width 0.11938))
    (fp_line (start 0.50038 -0.65024) (end 1.19888 -0.65024) (layer F.SilkS) (width 0.11938))
    (fp_line (start -0.50038 0.65024) (end -1.19888 0.65024) (layer F.SilkS) (width 0.11938))
    (fp_line (start 0.50038 0.65024) (end 1.19888 0.65024) (layer F.SilkS) (width 0.11938))
    (pad 2 smd rect (at 0.762 0 270) (size 0.635 1.143) (layers F.Cu F.Paste F.Mask)
      (net 2 GND))
    (pad 1 smd rect (at -0.762 0 270) (size 0.635 1.143) (layers F.Cu F.Paste F.Mask)
      (net 5 "Net-(C16-Pad1)"))
    (model walter/smd_cap/c_0603.wrl
      (at (xyz 0 0 0))
      (scale (xyz 1 1 1))
      (rotate (xyz 0 0 0))
    )
  )

  (module CRF1:SMD-0603_c (layer F.Cu) (tedit 53ECAF6F) (tstamp 5BD02447)
    (at 111.76 134.489931)
    (path /53F7501A/53F757AE)
    (attr smd)
    (fp_text reference C17 (at 0 -1.143) (layer F.SilkS)
      (effects (font (size 0.508 0.4572) (thickness 0.1143)))
    )
    (fp_text value 2.2u (at -1.651 0 270) (layer F.SilkS) hide
      (effects (font (size 0.508 0.4572) (thickness 0.1143)))
    )
    (fp_line (start 0.50038 0.65024) (end 1.19888 0.65024) (layer F.SilkS) (width 0.11938))
    (fp_line (start -0.50038 0.65024) (end -1.19888 0.65024) (layer F.SilkS) (width 0.11938))
    (fp_line (start 0.50038 -0.65024) (end 1.19888 -0.65024) (layer F.SilkS) (width 0.11938))
    (fp_line (start -1.19888 -0.65024) (end -0.50038 -0.65024) (layer F.SilkS) (width 0.11938))
    (fp_line (start 1.19888 -0.635) (end 1.19888 0.635) (layer F.SilkS) (width 0.11938))
    (fp_line (start -1.19888 0.635) (end -1.19888 -0.635) (layer F.SilkS) (width 0.11938))
    (pad 1 smd rect (at -0.762 0) (size 0.635 1.143) (layers F.Cu F.Paste F.Mask)
      (net 6 "Net-(C17-Pad1)"))
    (pad 2 smd rect (at 0.762 0) (size 0.635 1.143) (layers F.Cu F.Paste F.Mask)
      (net 2 GND))
    (model walter/smd_cap/c_0603.wrl
      (at (xyz 0 0 0))
      (scale (xyz 1 1 1))
      (rotate (xyz 0 0 0))
    )
  )

  (module CRF1:SMD-0603_c (layer F.Cu) (tedit 53ECAF6F) (tstamp 5BC6EC8E)
    (at 135.128 52.07)
    (path /504F83BE/504FC1DE)
    (attr smd)
    (fp_text reference C18 (at 0 -1.143) (layer F.SilkS)
      (effects (font (size 0.508 0.4572) (thickness 0.1143)))
    )
    (fp_text value 2.2u (at -1.651 0 270) (layer F.SilkS) hide
      (effects (font (size 0.508 0.4572) (thickness 0.1143)))
    )
    (fp_line (start 0.50038 0.65024) (end 1.19888 0.65024) (layer F.SilkS) (width 0.11938))
    (fp_line (start -0.50038 0.65024) (end -1.19888 0.65024) (layer F.SilkS) (width 0.11938))
    (fp_line (start 0.50038 -0.65024) (end 1.19888 -0.65024) (layer F.SilkS) (width 0.11938))
    (fp_line (start -1.19888 -0.65024) (end -0.50038 -0.65024) (layer F.SilkS) (width 0.11938))
    (fp_line (start 1.19888 -0.635) (end 1.19888 0.635) (layer F.SilkS) (width 0.11938))
    (fp_line (start -1.19888 0.635) (end -1.19888 -0.635) (layer F.SilkS) (width 0.11938))
    (pad 1 smd rect (at -0.762 0) (size 0.635 1.143) (layers F.Cu F.Paste F.Mask)
      (net 7 "Net-(C18-Pad1)"))
    (pad 2 smd rect (at 0.762 0) (size 0.635 1.143) (layers F.Cu F.Paste F.Mask)
      (net 2 GND))
    (model walter/smd_cap/c_0603.wrl
      (at (xyz 0 0 0))
      (scale (xyz 1 1 1))
      (rotate (xyz 0 0 0))
    )
  )

  (module CRF1:SMD-0603_c (layer F.Cu) (tedit 53ECAF6F) (tstamp 5BD0245F)
    (at 202.068571 105.219931)
    (path /504F83BE/504FEEC2)
    (attr smd)
    (fp_text reference C19 (at 0 -1.143) (layer F.SilkS)
      (effects (font (size 0.508 0.4572) (thickness 0.1143)))
    )
    (fp_text value 120p (at -1.651 0 270) (layer F.SilkS) hide
      (effects (font (size 0.508 0.4572) (thickness 0.1143)))
    )
    (fp_line (start -1.19888 0.635) (end -1.19888 -0.635) (layer F.SilkS) (width 0.11938))
    (fp_line (start 1.19888 -0.635) (end 1.19888 0.635) (layer F.SilkS) (width 0.11938))
    (fp_line (start -1.19888 -0.65024) (end -0.50038 -0.65024) (layer F.SilkS) (width 0.11938))
    (fp_line (start 0.50038 -0.65024) (end 1.19888 -0.65024) (layer F.SilkS) (width 0.11938))
    (fp_line (start -0.50038 0.65024) (end -1.19888 0.65024) (layer F.SilkS) (width 0.11938))
    (fp_line (start 0.50038 0.65024) (end 1.19888 0.65024) (layer F.SilkS) (width 0.11938))
    (pad 2 smd rect (at 0.762 0) (size 0.635 1.143) (layers F.Cu F.Paste F.Mask)
      (net 8 "Net-(C19-Pad2)"))
    (pad 1 smd rect (at -0.762 0) (size 0.635 1.143) (layers F.Cu F.Paste F.Mask)
      (net 2 GND))
    (model walter/smd_cap/c_0603.wrl
      (at (xyz 0 0 0))
      (scale (xyz 1 1 1))
      (rotate (xyz 0 0 0))
    )
  )

  (module CRF1:SMD-0603_c (layer F.Cu) (tedit 53ECAF6F) (tstamp 5BD0246B)
    (at 203.338571 91.379931)
    (path /504F83BE/504FC446)
    (attr smd)
    (fp_text reference C20 (at 0 -1.143) (layer F.SilkS)
      (effects (font (size 0.508 0.4572) (thickness 0.1143)))
    )
    (fp_text value 2.2u (at -1.651 0 270) (layer F.SilkS) hide
      (effects (font (size 0.508 0.4572) (thickness 0.1143)))
    )
    (fp_line (start -1.19888 0.635) (end -1.19888 -0.635) (layer F.SilkS) (width 0.11938))
    (fp_line (start 1.19888 -0.635) (end 1.19888 0.635) (layer F.SilkS) (width 0.11938))
    (fp_line (start -1.19888 -0.65024) (end -0.50038 -0.65024) (layer F.SilkS) (width 0.11938))
    (fp_line (start 0.50038 -0.65024) (end 1.19888 -0.65024) (layer F.SilkS) (width 0.11938))
    (fp_line (start -0.50038 0.65024) (end -1.19888 0.65024) (layer F.SilkS) (width 0.11938))
    (fp_line (start 0.50038 0.65024) (end 1.19888 0.65024) (layer F.SilkS) (width 0.11938))
    (pad 2 smd rect (at 0.762 0) (size 0.635 1.143) (layers F.Cu F.Paste F.Mask)
      (net 9 "Net-(C20-Pad2)"))
    (pad 1 smd rect (at -0.762 0) (size 0.635 1.143) (layers F.Cu F.Paste F.Mask)
      (net 2 GND))
    (model walter/smd_cap/c_0603.wrl
      (at (xyz 0 0 0))
      (scale (xyz 1 1 1))
      (rotate (xyz 0 0 0))
    )
  )

  (module CRF1:SMD-0603_c (layer F.Cu) (tedit 53ECAF6F) (tstamp 5BD02477)
    (at 151.13 49.53)
    (path /504F83BE/504FEEB7)
    (attr smd)
    (fp_text reference C21 (at 0 -1.143) (layer F.SilkS)
      (effects (font (size 0.508 0.4572) (thickness 0.1143)))
    )
    (fp_text value 6.8n (at -1.651 0 270) (layer F.SilkS) hide
      (effects (font (size 0.508 0.4572) (thickness 0.1143)))
    )
    (fp_line (start 0.50038 0.65024) (end 1.19888 0.65024) (layer F.SilkS) (width 0.11938))
    (fp_line (start -0.50038 0.65024) (end -1.19888 0.65024) (layer F.SilkS) (width 0.11938))
    (fp_line (start 0.50038 -0.65024) (end 1.19888 -0.65024) (layer F.SilkS) (width 0.11938))
    (fp_line (start -1.19888 -0.65024) (end -0.50038 -0.65024) (layer F.SilkS) (width 0.11938))
    (fp_line (start 1.19888 -0.635) (end 1.19888 0.635) (layer F.SilkS) (width 0.11938))
    (fp_line (start -1.19888 0.635) (end -1.19888 -0.635) (layer F.SilkS) (width 0.11938))
    (pad 1 smd rect (at -0.762 0) (size 0.635 1.143) (layers F.Cu F.Paste F.Mask)
      (net 2 GND))
    (pad 2 smd rect (at 0.762 0) (size 0.635 1.143) (layers F.Cu F.Paste F.Mask)
      (net 10 "Net-(C21-Pad2)"))
    (model walter/smd_cap/c_0603.wrl
      (at (xyz 0 0 0))
      (scale (xyz 1 1 1))
      (rotate (xyz 0 0 0))
    )
  )

  (module CRF1:SMD-0603_c (layer F.Cu) (tedit 53ECAF6F) (tstamp 5BD02483)
    (at 147.828 49.53 180)
    (path /504F83BE/504FC05A)
    (attr smd)
    (fp_text reference C22 (at 0 -1.143 180) (layer F.SilkS)
      (effects (font (size 0.508 0.4572) (thickness 0.1143)))
    )
    (fp_text value 22n (at -1.651 0 90) (layer F.SilkS) hide
      (effects (font (size 0.508 0.4572) (thickness 0.1143)))
    )
    (fp_line (start -1.19888 0.635) (end -1.19888 -0.635) (layer F.SilkS) (width 0.11938))
    (fp_line (start 1.19888 -0.635) (end 1.19888 0.635) (layer F.SilkS) (width 0.11938))
    (fp_line (start -1.19888 -0.65024) (end -0.50038 -0.65024) (layer F.SilkS) (width 0.11938))
    (fp_line (start 0.50038 -0.65024) (end 1.19888 -0.65024) (layer F.SilkS) (width 0.11938))
    (fp_line (start -0.50038 0.65024) (end -1.19888 0.65024) (layer F.SilkS) (width 0.11938))
    (fp_line (start 0.50038 0.65024) (end 1.19888 0.65024) (layer F.SilkS) (width 0.11938))
    (pad 2 smd rect (at 0.762 0 180) (size 0.635 1.143) (layers F.Cu F.Paste F.Mask)
      (net 12 "Net-(C22-Pad2)"))
    (pad 1 smd rect (at -0.762 0 180) (size 0.635 1.143) (layers F.Cu F.Paste F.Mask)
      (net 11 "Net-(C22-Pad1)"))
    (model walter/smd_cap/c_0603.wrl
      (at (xyz 0 0 0))
      (scale (xyz 1 1 1))
      (rotate (xyz 0 0 0))
    )
  )

  (module CRF1:SMD-0603_c (layer F.Cu) (tedit 53ECAF6F) (tstamp 5BD0248F)
    (at 203.338571 92.789931)
    (path /504F83BE/504FC64E)
    (attr smd)
    (fp_text reference C23 (at 0 -1.143) (layer F.SilkS)
      (effects (font (size 0.508 0.4572) (thickness 0.1143)))
    )
    (fp_text value 2.2u (at -1.651 0 270) (layer F.SilkS) hide
      (effects (font (size 0.508 0.4572) (thickness 0.1143)))
    )
    (fp_line (start 0.50038 0.65024) (end 1.19888 0.65024) (layer F.SilkS) (width 0.11938))
    (fp_line (start -0.50038 0.65024) (end -1.19888 0.65024) (layer F.SilkS) (width 0.11938))
    (fp_line (start 0.50038 -0.65024) (end 1.19888 -0.65024) (layer F.SilkS) (width 0.11938))
    (fp_line (start -1.19888 -0.65024) (end -0.50038 -0.65024) (layer F.SilkS) (width 0.11938))
    (fp_line (start 1.19888 -0.635) (end 1.19888 0.635) (layer F.SilkS) (width 0.11938))
    (fp_line (start -1.19888 0.635) (end -1.19888 -0.635) (layer F.SilkS) (width 0.11938))
